x y z u v 左上角逆时针
0
5.475  0.677  0.303 1266.069 963.873
5.440  0.680 -0.235 1264.244 1123.657
5.507  0.168 -0.238 1422.113 1123.847
5.519  0.161  0.298 1423.066 967.205
1
5.477 -0.554  0.308 1641.653 964.706
5.453 -0.543 -0.230 1639.897 1123.339
5.415 -1.059 -0.235 1798.845 1124.991
5.425 -1.059  0.294 1799.909 966.276
2
5.503 -0.121 -0.329 1511.419 1157.498
5.434 -0.119 -0.857 1510.844 1317.136
5.434 -0.635 -0.860 1669.075 1316.907
5.498 -0.634 -0.327 1667.164 1158.272
3
5.472  0.527  0.307 1306.534 965.322
5.456  0.540 -0.230 1304.549 1124.542
5.521  0.021 -0.235 1461.891 1124.854
5.525  0.021  0.298 1463.143 968.416
4
5.410 -0.929  0.292 1761.331 969.192
5.401 -0.920 -0.248 1759.637 1129.101
5.318 -1.427 -0.255 1922.243 1131.218
5.332 -1.434  0.282 1922.996 970.260
5
5.438 -0.929 -0.090 1760.731 1084.439
5.386 -0.923 -0.619 1761.686 1244.887
5.305 -1.428 -0.620 1924.656 1246.269
5.348 -1.429 -0.085 1922.268 1084.551
6
5.391  1.103  0.215 1124.661 990.823
5.378  1.106 -0.317 1122.245 1153.035
5.490  0.604 -0.324 1283.786 1152.419
5.505  0.602  0.207 1285.355 994.628
7
5.440 -0.903 -0.013 1749.080 1063.553
5.399 -0.892 -0.546 1749.419 1223.469
5.322 -1.402 -0.545 1912.159 1224.920
5.351 -1.401 -0.019 1910.090 1063.945
8
5.487 -0.440 -0.458 1606.547 1198.685
5.405 -0.433 -0.986 1607.853 1359.385
5.371 -0.945 -0.985 1768.030 1359.370
5.461 -0.949 -0.456 1763.940 1198.682
9
5.414  1.068  0.020 1132.420 1053.631
5.371  1.078 -0.517 1129.114 1215.903
5.479  0.577 -0.522 1290.656 1214.903
5.511  0.578  0.012 1292.525 1057.146
10
5.292  1.567 -0.018 966.150 1066.900
5.259  1.571 -0.559 961.322 1233.479
5.405  1.080 -0.568 1129.589 1231.653
5.445  1.078 -0.030 1132.583 1071.010
