0 0.586455 0.207063 0.783068 -0.861551 0.600799 5.30334 3.77202
1 -0.0134726 0.901135 0.433329 -0.559385 0.770092 4.68539 2.73181
2 -0.824312 0.269763 0.497733 -0.460395 0.598652 5.34909 3.20342
3 -0.713479 0.240759 0.658014 0.100153 0.568445 6.41184 4.28448
4 -0.524965 0.275682 0.80524 0.0942853 0.567775 6.12795 5.0415
5 0.474903 0.214091 0.853599 -0.313553 0.57141 6.4348 5.46617
6 0.610112 0.348521 0.711546 0.221406 0.579167 6.64993 5.06866
7 -0.639317 0.160496 0.752007 -0.0472844 0.564288 6.46028 4.97897
8 -0.42493 0.628062 0.6519 0.0200405 0.62871 6.24498 4.45745
9 -0.348216 0.346769 0.870917 0.422358 0.575431 6.43102 5.65336
10 -0.307373 0.545827 0.779483 0.446003 0.608066 6.39321 5.17821
11 -0.272656 0.723249 0.634483 0.471387 0.658322 6.2899 4.33844
12 0.504118 0.362642 0.783809 0.0290162 0.584783 6.38783 5.23353
13 0.425622 0.639261 0.640462 -0.024513 0.638334 6.31745 4.44371
14 0.352557 0.770933 0.53044 -0.121195 0.683977 6.23873 3.79384
15 0.0144954 0.292719 0.956089 -0.00403627 0.576163 6.36058 6.24987
16 0.00585169 0.628014 0.77818 -0.0103905 0.632929 6.26847 5.27543
17 0.00794265 0.774883 0.632055 -0.03439 0.682225 6.14434 4.41193
18 -0.00661276 0.577308 0.8165 -0.0659867 0.616885 6.11293 5.34777
19 0.00620638 0.843229 0.537519 0.294961 0.717992 6.50123 4.10179
20 -0.178621 0.895201 0.408301 0.0701582 0.790795 7.73858 3.85506
21 0.1709 0.904397 0.390973 0.206073 0.797539 7.72471 3.77666
22 0.428881 0.345699 0.834598 0.193777 0.579574 6.61514 5.80444
